Normalization factors: 

drug.1
1
0.987558126010714
0.990634028907412
0.986177457911832
0.984203335431474
0.989297510336478
0.987712964154765
0.997704283297749
0.988556814079398
0.992706738551281


drug.2
1
1.00227738325904
0.998304646573054
1.00091346759149
0.993974322079882
0.992088687648821
0.993576869183849
1.00064528205827
0.99176779192267
0.993869563219588


ST.1
1
0.998384354126158
0.99534303240164
0.999145434843143
0.991944984898327
0.999137631452734
1.0025382643855
1.00397950215228
0.996532168495398
0.99853277995218


ST.2
1
0.999713544046829
0.995578750795295
1.0080353912134
0.994916311366051
1.03125814564783
1.00598340815573
1.01106008120942
0.997109639226826
0.997262491709242


