Normalization factors: 

Ctrl.1
1
1.01638715555532
0.949226103701727
0.995477561082015
0.985977561658438
1.02145471100315
0.890566273040054
0.991057257407939
0.976249749788292
1.05122353362509


Ctrl.2
1
1.0290787745633
0.963608317394178
1.01722057746928
1.00941833578405
1.042984201399
0.946226665105057
1.04955716496327
1.01041849103088
1.06542925705245


Treatment.1
1
1.01953062098487
0.948282538986318
0.959449698347977
0.946153955407609
0.943547148299522
0.852230638770117
0.997598889470038
1.03103927656212
1.12631092888402


Treatment.2
1
1.01638715555532
0.946401026012139
0.960519318970439
0.954797666876547
0.931703460245553
0.860781447854767
0.987818508200724
0.990606363755767
1.08747262099147


